0.014683 0
0.136606 0.00724638
0.422686 0.0144928
0.323622 0.0217391
0.42372 0.0289855
0.0419201 0.0362319
0.00940303 0.0434783
0.347356 0.0507246
0.406274 0.057971
0.0669577 0.0652174
0.468922 0.0724638
0.203532 0.0797101
0.29376 0.0869565
0.101993 0.0942029
0.381449 0.101449
0.321847 0.108696
0.946811 0.115942
0.406274 0.123188
0.106009 0.130435
0.385784 0.137681
0.748003 0.144928
0.206547 0.152174
0.635651 0.15942
0.245241 0.166667
0.822984 0.173913
0.519224 0.181159
0.0395387 0.188406
0.989782 0.195652
0.907368 0.202899
0.0572562 0.210145
0.130872 0.217391
0.0153283 0.224638
0 0.231884
0.0298867 0.23913
0.573924 0.246377
0.214983 0.253623
0.477603 0.26087
0.191021 0.268116
0.808817 0.275362
0.658967 0.282609
0.291418 0.289855
0.603453 0.297101
0.792802 0.304348
0.584901 0.311594
0.48955 0.318841
0.479078 0.326087
0.0198673 0.333333
0.230101 0.34058
0.930947 0.347826
0.987459 0.355072
0.377855 0.362319
0.064445 0.369565
0.518611 0.376812
0.340207 0.384058
0.665638 0.391304
0.443233 0.398551
0.507343 0.405797
0.0878252 0.413043
0.660901 0.42029
0.885416 0.427536
0 0.434783
0.48105 0.442029
0.602138 0.449275
0.634619 0.456522
0.964158 0.463768
0.767848 0.471014
0.0262002 0.478261
0.0410608 0.485507
0.745383 0.492754
0.619788 0.5
0.104837 0.507246
0.274032 0.514493
0.862337 0.521739
0.503387 0.528986
0.510189 0.536232
0.710707 0.543478
0.477513 0.550725
0.305184 0.557971
0.843658 0.565217
0.892578 0.572464
0.619643 0.57971
0.468885 0.586957
0.975059 0.594203
0.88933 0.601449
0.973409 0.608696
0.820909 0.615942
0.855134 0.623188
0.744653 0.630435
0.0606632 0.637681
0.801337 0.644928
0.733682 0.652174
0.984471 0.65942
0.994214 0.666667
0.919441 0.673913
0.759315 0.681159
0.0196645 0.688406
0.344899 0.695652
0.942441 0.702899
0.738712 0.710145
0.886626 0.717391
0.0435045 0.724638
0.187051 0.731884
0.141593 0.73913
0 0.746377
0.984733 0.753623
0.804827 0.76087
0.69972 0.768116
0.580585 0.775362
0.652138 0.782609
0.249652 0.789855
0.563726 0.797101
0.876692 0.804348
0.379847 0.811594
0.329196 0.818841
0.359793 0.826087
0.111112 0.833333
0.602138 0.84058
0.572526 0.847826
0.606504 0.855072
0.0180407 0.862319
0.0577437 0.869565
0.306238 0.876812
0.981481 0.884058
0.0666359 0.891304
0.00652978 0.898551
0.485575 0.905797
0.195444 0.913043
0.35327 0.92029
0.958447 0.927536
0.798731 0.934783
0.374003 0.942029
0.235181 0.949275
0.875113 0.956522
0.329658 0.963768
0.439225 0.971014
0.678693 0.978261
0 0.985507
