3
0.00215732 0
5
0.00359283 0.00487805
6
0.00430977 0.0097561
119
0.0819424 0.0146341
123
0.0845714 0.0195122
123
0.0845714 0.0243902
238
0.156875 0.0292683
244
0.160479 0.0341463
245
0.161078 0.0390244
247
0.162275 0.0439024
255
0.167045 0.0487805
256
0.167639 0.0536585
368
0.231456 0.0585366
378
0.236899 0.0634146
379
0.237441 0.0682927
517
0.308506 0.0731707
529
0.314349 0.0780488
529
0.314349 0.0829268
606
0.350626 0.0878049
620
0.357002 0.0926829
621
0.357455 0.097561
729
0.404457 0.102439
745
0.411107 0.107317
746
0.41152 0.112195
1416
0.630247 0.117073
1434
0.634781 0.121951
1434
0.634781 0.126829
1460
0.641227 0.131707
1480
0.646104 0.136585
1480
0.646104 0.141463
1805
0.716301 0.146341
1827
0.720491 0.15122
1827
0.720491 0.156098
2069
0.762508 0.160976
2093
0.766297 0.165854
2093
0.766297 0.170732
2515
0.823478 0.17561
2541
0.82648 0.180488
2542
0.826595 0.185366
2552
0.827734 0.190244
2580
0.830884 0.195122
2580
0.830884 0.2
3180
0.885627 0.204878
3210
0.887818 0.209756
3210
0.887818 0.214634
3246
0.890389 0.219512
3278
0.892623 0.22439
3279
0.892692 0.229268
3279
0.892692 0.234146
3313
0.895011 0.239024
3314
0.895078 0.243902
3541
0.909259 0.24878
3577
0.911315 0.253659
3578
0.911372 0.258537
3754
0.920736 0.263415
3792
0.922617 0.268293
3793
0.922666 0.273171
4250
0.941925 0.278049
4290
0.943351 0.282927
4291
0.943386 0.287805
4388
0.946689 0.292683
4430
0.948056 0.297561
4430
0.948056 0.302439
4882
0.960629 0.307317
4926
0.961668 0.312195
4927
0.961692 0.317073
5124
0.965998 0.321951
5170
0.966928 0.326829
5171
0.966948 0.331707
5177
0.967067 0.336585
5225
0.968005 0.341463
5226
0.968024 0.346341
6042
0.980288 0.35122
6092
0.980855 0.356098
6093
0.980866 0.360976
6241
0.982445 0.365854
6293
0.982967 0.370732
6293
0.982967 0.37561
6526
0.98511 0.380488
6580
0.985565 0.385366
6580
0.985565 0.390244
6937
0.988224 0.395122
6993
0.988591 0.4
6993
0.988591 0.404878
7229
0.990012 0.409756
7287
0.990331 0.414634
7288
0.990336 0.419512
7657
0.99213 0.42439
7717
0.992387 0.429268
7718
0.992391 0.434146
7718
0.992391 0.439024
7780
0.992646 0.443902
7781
0.99265 0.44878
8111
0.993865 0.453659
8175
0.994075 0.458537
8175
0.994075 0.463415
9397
0.996906 0.468293
9463
0.997011 0.473171
9464
0.997012 0.478049
9474
0.997028 0.482927
9542
0.997131 0.487805
9543
0.997132 0.492683
10072
0.997814 0.497561
10142
0.997891 0.502439
10142
0.997891 0.507317
10186
0.997937 0.512195
10258
0.998011 0.517073
10258
0.998011 0.521951
11068
0.998672 0.526829
11142
0.998719 0.531707
11142
0.998719 0.536585
11442
0.998893 0.541463
11518
0.998933 0.546341
11519
0.998934 0.55122
11800
0.999069 0.556098
11878
0.999103 0.560976
11878
0.999103 0.565854
12706
0.999393 0.570732
12786
0.999415 0.57561
12787
0.999415 0.580488
13232
0.999523 0.585366
13314
0.999541 0.590244
13314
0.999541 0.595122
15069
0.999788 0.6
15153
0.999796 0.604878
15154
0.999796 0.609756
16937
0.999902 0.614634
17023
0.999906 0.619512
17023
0.999906 0.62439
18006
0.999936 0.629268
18094
0.999938 0.634146
18094
0.999938 0.639024
18127
0.999939 0.643902
18217
0.999941 0.64878
18217
0.999941 0.653659
18941
0.999955 0.658537
19033
0.999957 0.663415
19034
0.999957 0.668293
21964
0.999985 0.673171
22058
0.999985 0.678049
22058
0.999985 0.682927
22901
0.999989 0.687805
22997
0.999989 0.692683
22997
0.999989 0.697561
23258
0.99999 0.702439
23356
0.99999 0.707317
23357
0.99999 0.712195
24222
0.999993 0.717073
24322
0.999993 0.721951
24323
0.999993 0.726829
24353
0.999993 0.731707
24455
0.999993 0.736585
24456
0.999993 0.741463
24564
0.999993 0.746341
24668
0.999994 0.75122
24668
0.999994 0.756098
27778
0.999997 0.760976
27884
0.999997 0.765854
27885
0.999997 0.770732
28828
0.999998 0.77561
28936
0.999998 0.780488
28936
0.999998 0.785366
29811
0.999998 0.790244
29921
0.999999 0.795122
29921
0.999999 0.8
30650
0.999999 0.804878
30762
0.999999 0.809756
30763
0.999999 0.814634
31210
0.999999 0.819512
31324
0.999999 0.82439
31324
0.999999 0.829268
31770
0.999999 0.834146
31886
0.999999 0.839024
31887
0.999999 0.843902
32877
0.999999 0.84878
32995
0.999999 0.853659
32995
0.999999 0.858537
34077
0.999999 0.863415
34197
0.999999 0.868293
34197
0.999999 0.873171
34272
0.999999 0.878049
34394
0.999999 0.882927
34394
0.999999 0.887805
39903
1 0.892683
40027
1 0.897561
40027
1 0.902439
40037
1 0.907317
40163
1 0.912195
40163
1 0.917073
40534
1 0.921951
40662
1 0.926829
40662
1 0.931707
46812
1 0.936585
46942
1 0.941463
46942
1 0.946341
47987
1 0.95122
48119
1 0.956098
48119
1 0.960976
53604
1 0.965854
53738
1 0.970732
53739
1 0.97561
55603
1 0.980488
55739
1 0.985366
55739
1 0.990244
